0.03346840621393319 0.015173737335895254
0.10233851194653677 0.047968581928545584
0.10629797495709266 0.050898856049432
0.11458859245678961 0.05424677011693699
0.12060681533197329 0.05713389242184782
0.1284234355532199 0.05971733867353725
0.13085491449657774 0.06142133219210632
0.13113060516138902 0.061440786566533304
0.1324341151432598 0.06167081996175482
0.1358687920020582 0.06386468846623759
0.1367511598330729 0.06434533105188633
0.13857751753498374 0.0651052265155879
0.14071451508356675 0.06578210606231519
0.14157410443313861 0.06586827210438964
0.14449613874024064 0.06654000079008439
0.1464219761341216 0.06750882095813186
0.145819410778987 0.06767729229224306
0.14916076560011188 0.0687929699818749
0.1477211475121159 0.06847082113243405
0.1494085038390812 0.06900792353104782
0.1529993027205217 0.06971811719807876
0.15156087516517686 0.06930140507668034
0.15358280572190744 0.0701233553293186
0.15038883576252207 0.07005023068556361
0.15390146410266942 0.07126596548029139
0.15634943277090804 0.0717079073414085
0.1551187727825265 0.07158879725193856
0.15661302065525928 0.07189532992040394
0.15639817008198176 0.07221258769723067
0.15600311206831136 0.07206269847943012
0.15700122718048046 0.07308527771867061
0.15510017465469952 0.07302340674881957
0.15691426570473274 0.0735103514518684
0.1580411724193226 0.07434777978842759
0.15911693187879328 0.07492556580303408
0.16153168574310128 0.07523532898935534
0.1600664452252533 0.07528473495827967
0.1605574563789274 0.07527060728221927
0.16137095664964565 0.07515906611232404
0.161340905696129 0.0755252018803004
0.16327728718148332 0.07540277323230475
0.16362847419335672 0.07607354408894726
0.16221452429327385 0.07558483794256857
0.1642093777640408 0.07606168968589634
0.16216574156927321 0.07597993523089912
0.1649591821321821 0.07628781796697366
0.164464677287429 0.07635169639421267
0.16542377050166643 0.0762795433401569
0.16203837524834033 0.07610761265631759
0.16339945874150685 0.07674336770407605
0.16453816015527475 0.07661906315189944
0.16645450280052992 0.07754036479837874
0.16596052067237815 0.07724700810053087
0.16641260110148162 0.077384895804277
0.16587022722403538 0.07735112780564755
0.16562170582687433 0.07714686524749391
0.16695547706045177 0.07744678717007428
0.16575453008962238 0.07688576934714716
0.1650488649416551 0.0765718620393751
0.1654989943523292 0.07704871430880032
0.1665038495312539 0.07785440382900709
0.16650451341487982 0.07741406888391136
0.16579912602791472 0.07706770722045933
0.16591065563108778 0.07740126665456107
0.16582587538713667 0.07700890684586019
0.16630205127578307 0.0773299407423479
0.16749305708823584 0.07746938101202527
0.16638156014001795 0.07741253538993993
0.16676131254066803 0.07761080584164391
0.16750352916032196 0.07797225695786089
0.16793006680386918 0.07809296972304033
0.1686029548165901 0.07809913473439643
0.16736170918329016 0.07742037941723073
0.1690480978768802 0.07778824036366376
0.1679125453228612 0.077846520722904
0.16884037661329332 0.07813999845919203
0.1676745714228213 0.0776083231554717
0.16810552313146987 0.07722647955074698
0.16777505168504553 0.07805824144669256
0.16626361838271878 0.0775796260584562
0.16660311216414606 0.07743164420395932
0.16835527881256282 0.07780280510340343
0.16672032169181494 0.07803759682574439
0.16735515277023763 0.078301299150882
0.16660851354037667 0.07811110736014995
0.16780509617971962 0.0789056282773492
0.16740197519639408 0.07843648602465718
0.16850701301097842 0.07825767047082888
0.16898058721441822 0.07839453680690593
0.1681480576925221 0.0781237614525585
0.16862923698162932 0.07835505220682924
0.16910790969458345 0.07853004253013937
0.16795819298981568 0.07830156692408599
0.17090159640620897 0.07873933156967829
0.17007687542429492 0.07879225500479539
0.16904085128663005 0.07903471291929756
0.16866598760003249 0.07901816415288139
0.16851874076655265 0.07845889573942093
0.1704813131036436 0.07905654089876597
0.169009368193297 0.07890788797259729
0.1701145902099834 0.07919505691568282
0.17099450237707184 0.07934273345685941
0.17057917352231797 0.0791207141624551
0.17181904868976836 0.07964082293906341
0.17013207296357097 0.0796298519671224
0.1722264116599123 0.07960997216952043
0.17156579132384087 0.07976103183012972
0.17051109692534275 0.07948577498278897
0.17073303891608696 0.07956766003719792
0.17176156854874472 0.0802272376340652
0.17105932379343294 0.08011636615429016
0.1706538186666837 0.07979713691786938
0.1722212750259468 0.08013304122231915
0.17065486077191994 0.07988552276100185
0.171935813331287 0.07970725352025632
0.1709118294934028 0.07924670605504976
0.17276135048528318 0.07974187199811379
0.1699931496841555 0.07928320619471596
0.16990271744774643 0.07949370841630794
0.1696365773165149 0.07938914991957789
0.16972396330564116 0.07948230636450293
0.16994616463783394 0.07915386949614288
0.1703647035345011 0.07961726681415521
0.17081214943742504 0.07977909674180843
0.1703620969864039 0.07938135507632797
0.16934540634883283 0.07899443234433999
0.17046511134758707 0.07926273640570447
0.17196084952895546 0.08022466523227174
0.17361434466192258 0.08057637469185469
0.1728865011246488 0.08035551667680535
0.17298256702380493 0.0802968904624066
0.1721781930759227 0.07972723995357951
0.17222302940852047 0.07990107342386694
0.17156379683988235 0.07985840648505431
0.17187192662788278 0.07984811368955133
0.1717912342164407 0.08000032044155049
0.17204160671611682 0.07993336615063386
0.17245556842789372 0.0806243808804113
0.17287905586743985 0.08083439428656314
0.17300201403450757 0.08083839933776454
0.17244248748025393 0.08062105573739703
0.17289285468934537 0.0803208667526434
0.1712180144373348 0.07985403849184342
0.1728862719493339 0.08022272310777884
0.1722719616691571 0.08018810536980946
0.17239484174369346 0.08029573010045299
0.1732433343924186 0.07990147436384652
0.17488718847130863 0.08040444337136637
0.17455863015179665 0.08043945610305711
0.17299202281143308 0.08023061337126339
0.17076459142095643 0.08031686959216328
0.17128494032328426 0.08020440595109732
0.17108106728514938 0.07985223339997208
0.1736145156204282 0.0805146629356574
0.17273608978590452 0.08056771919406895
0.17352594962012924 0.08068105170840188
0.17299459021943375 0.08052642432410369
0.1729256743758909 0.08045372832054007
0.17268384779046284 0.08023044474892217
0.17232973102589377 0.0805166564840075
0.17336730268390224 0.08054954130514778
0.17384531233129338 0.08052702065217836
0.17413846625970694 0.08007236124487178
0.17496664539026935 0.08037192064580108
0.1743372502153291 0.08016061390017218
0.17454022471133024 0.08034322554358204
0.17270368326404056 0.07997973005306909
0.1723304008012188 0.07976072383278379
0.1713871928800856 0.07975807800724112
0.17389943767645297 0.07992207842449563
0.1729413334007457 0.08012000948668524
0.17401853501364797 0.08015346671049829
0.17277144031363748 0.08003358052857651
0.17525328056588013 0.08077911244517427
0.17608591822227865 0.08105258518984677
0.1765380872901527 0.08111984942158267
0.17664768040103873 0.08112548027963169
0.17592251419113228 0.08088819745683018
0.1754673624616073 0.08091846448486038
0.1754318214569144 0.08076255578558555
0.17541813968835795 0.08092014591886916
0.1761086759469241 0.08091170512870657
0.17557197466710345 0.08136690177134859
0.17580572908367242 0.08115313603221048
0.17558327018504688 0.08100191474783866
0.17651498881315603 0.08158131169720247
0.17626540303514956 0.08154386738906161
0.17436406548829914 0.08119712548032251
0.17559089804865513 0.08173684636631641
0.1750544817665687 0.08148388241443594
0.17670937899461076 0.08170372388632766
0.1759492092463097 0.08094220171920334
0.17524303524738705 0.0805468375996479
0.17596783657278278 0.08094497828082271
0.1760027448746024 0.08114016895315086
0.17662564529394595 0.0814081147855269
0.17458321268905352 0.08081261745083997
0.17485985749085647 0.08115178760494253
0.1741047810394012 0.0808517551720486
0.17428990279691173 0.08132957316107854
0.17375813325523698 0.08104096039841295
0.17478134147022856 0.08132713246028937
0.17474091519890944 0.08124797356035156
0.17477236780696373 0.08123683474363191
0.17427534757043545 0.08104581402178497
0.1751898707036268 0.08087406703389509
0.1752564764021759 0.08103519236786949
0.17451952488368516 0.08094318357507518
0.17358926507366115 0.08070585016106081
0.1748471563778768 0.08089099943063537
0.1737856650077986 0.08094928634837184
0.1738364127549369 0.08072079697370597
0.17424024631289614 0.08101905397482972
0.1749897209050897 0.08108769139976534
0.17493890777273538 0.0811597762092407
0.1753634509192925 0.08132465146110494
0.17460141659797052 0.08084601518467419
0.17580818288496217 0.08120122731298812
0.1759635484372936 0.08165670027750359
0.17494693317819704 0.08132211846695048
0.17524555552535845 0.08119888929446635
0.17401459608527794 0.0807933521590303
0.17506272777407814 0.08099857925334221
0.17590489695768038 0.08143305780473106
0.17726127507036052 0.08153938917688107
0.17731134879731447 0.08153525471894436
0.176849089853571 0.0815503090420463
0.17608222286107725 0.08164593499053667
0.17728439819035688 0.0817685757497786
0.17687918573891384 0.08181784741476744
0.17594254191229788 0.08162406888610813
0.17519119841769096 0.08124230294455027
0.1758444448569114 0.08174825602703123
0.17599886959450506 0.08175989308196203
0.17640427520649687 0.08149596668987188
0.17520850832261783 0.08117747297769785
0.1772392554520433 0.0815962064721925
0.1772057171388635 0.08157052766976239
0.17779654588252577 0.08161293414290692
0.1751814047091916 0.08093888684501027
0.17574963504649369 0.08136272739575773
0.17693503054406226 0.08174896722821014
0.1775587552195264 0.0817356684867305
0.1768216602503539 0.08163632063742837
0.17693070924640528 0.08136487940807992
0.1763396333304535 0.08115984394281141
0.1761317910334747 0.08108409387247204
0.17584642956787674 0.08127850253006079
0.1759165373248215 0.08153359125441746
0.1750683740763314 0.08089213193232847
0.17661456053965938 0.08157691021989355
0.17718887139205683 0.08170639249592594
0.17544841600015418 0.08152839721565705
0.17615408465894083 0.0814833285375382
0.17682878213725947 0.08174607096251053
0.17568633023497895 0.08145071636533714
0.1758054318221409 0.08130676518397406
0.1763537296049943 0.08200576515823627
0.17816043285289895 0.08217613042010216
0.17752423539117643 0.08222405281692667
0.17743936508492242 0.08221652734226684
0.17594785303264826 0.08176627075162239
0.1773503169592176 0.08192814089679129
0.17559015971783862 0.08157783223611571
0.17601115098638329 0.08170939650043046
0.17639084813984351 0.08163354740240794
0.17682755193381366 0.08181892173691684
0.17580221969385015 0.08155291919230889
0.17678677669754242 0.08203699201132114
0.17633082238256437 0.08184670039903363
0.17571703591960539 0.08151543164243989
0.17554913572586256 0.08171709536305329
0.1765545383571721 0.08199602602169531
0.17539063694486648 0.08162944509478452
0.17554569074519563 0.08147120879434064
0.17667813413082234 0.08200286016381154
0.17586517503791896 0.08181276180594003
0.1768207172048881 0.0819842045934164
0.17764088131210948 0.08208331409789979
0.17816191700269826 0.08192792113924813
0.1778964643518803 0.08196367069410843
0.17755981700167495 0.08184553151409385
0.17667866818583916 0.08213566700707918
0.17815370368532096 0.08227008078552449
0.1785430858866871 0.08234385157258474
0.17765004860828645 0.08233490452978276
0.17743440102936478 0.0821739443627349
0.17908093830104801 0.08261629221599848
0.17897411247854694 0.08271782865290349
0.17683862100703757 0.08225105191326541
0.17654998915698158 0.08208109214987999
0.17774331680817934 0.08211390406178361
0.1771002991208307 0.08210654363638682
0.17620610965545716 0.08187350369963486
0.17518266644868916 0.08137316770302122
0.1780409114189907 0.08225570284400716
0.17738811783607258 0.08193877602146156
0.17832828474246656 0.08227433684065394
0.17899355751776722 0.08241144692488352
0.17776231640741216 0.08193429736205358
0.1783413341726498 0.08197026081755135
0.17739000981845518 0.08217655916322054
0.1766132765601911 0.08183438979548668
0.17626843579870835 0.08162376047998796
0.1764941763034454 0.08185847526560565
0.17693125353167377 0.08197770344684074
0.17690140770861792 0.08212003415161799
0.17676833041222464 0.08213115603450612
0.17757379235974788 0.08187085590546027
0.17868506502394532 0.08176164026425838
0.1780873958969928 0.08144173443051499
0.17970042378760798 0.08221460092080676
0.17889127058356377 0.08216315349549515
0.17820910002096294 0.08171248381862939
0.17676019252697728 0.08163089151525564
0.17738447539359997 0.08171204679301602
0.17671770391486968 0.0815491482141886
0.17754428000404096 0.08187035678531526
0.17758593045536963 0.08193934578886179
0.17760791404281281 0.08177855651467188
0.17684684967034672 0.08183038115437954
0.17473775879089976 0.08121645230894432
0.17485791734993286 0.08138348477081978
0.17636158415024777 0.0819587543840578
0.17544901092129744 0.08157986022938428
0.17460048968427128 0.08162697094267228
0.17523303235358192 0.08186196739454281
0.17459941667694664 0.0815807938910594
0.1754840737650563 0.08172095773138656
0.175251282050163 0.08135945799298205
0.17440469034036432 0.08150936323191736
0.17532911675964385 0.08186923959327502
0.17482866050648518 0.08207780289665242
0.17482590937519074 0.08224488976518536
0.17616631833357446 0.08217872104233806
0.17685144624570878 0.08231536390025687
0.1774060986137859 0.0824919904753147
0.1767785853727948 0.08231043801820129
0.1761683923101629 0.08231112217187629
0.17686078477713604 0.08229058855246894
0.17649453526087833 0.0822722254946084
0.17688045239582956 0.08247758751631878
0.1765439581970594 0.08217373143464834
0.176582018231701 0.08223734338927775
0.17730138769342918 0.08244407297385
0.17678438472933214 0.08215846387998367
0.1779574301920712 0.08244483151500137
0.17755529054898447 0.08231025476055785
0.17757089317600772 0.08216850855598058
0.176894404747905 0.08219246572913447
0.17746149476577364 0.08229027700967999
0.17736289644129483 0.08228234572727527
0.17567003632177794 0.08196763911431286
0.1774697906325277 0.08248047871397836
0.17703822359232557 0.08236073030424057
0.17766194386301204 0.0827084928950323
0.17718870231038333 0.0823144013726167
0.1765013824399461 0.08198045194498531
0.17850953339049055 0.08214102788925592
0.17669607334180767 0.08222385902166483
0.17707069024511787 0.08209776202674485
0.1753100256472528 0.08163529262754658
0.17501596533482358 0.08171485967844523
0.17582859437983572 0.08174332424445532
0.17810640557841811 0.08229385612337792
0.1770967803586331 0.08212627804486497
0.1756447893256547 0.0818811710354017
0.1758869911878902 0.08176727638263197
0.17585618010994647 0.08159293558396621
0.17638668674185204 0.0818574190418618
0.1763384595698766 0.08182196125427976
0.17583374786234177 0.08136911714817541
0.17461571321331426 0.08127127731913954
0.17572929238643487 0.08132275275442637
0.17636541981101903 0.08163542111654648
0.1762754927077814 0.08165939081100303
0.17725337295071247 0.08192438579674706
0.17770697058741483 0.08203899644270449
0.17691433837284226 0.08209112186358963
0.17815950325020133 0.08234760318576924
0.17704577420191298 0.08234256830658562
0.1773222271962206 0.08252789113997566
0.17656129798821618 0.08213296316827966
0.17690323498392727 0.08230250558541226
0.1759680633505602 0.08228006270181815
0.17681389162726052 0.08241260875216047
0.17794550922581526 0.08268027437071876
0.17901920489186146 0.08282578883078374
0.1775825695638675 0.08260464676624524
0.1767613726750916 0.08225280198192934
0.17931375771473437 0.08286426037982095
0.17743407982530718 0.0825230224734537
0.17750832177440315 0.08231819187149891
0.1775677222934137 0.08230983301429613
0.17737910253113265 0.0823366910929921
0.1766540505391361 0.08203637716971099
0.1769380388011321 0.08224530002256074
0.1761294763585016 0.08210078683083419
0.17680993947268311 0.08230876242606834
0.17745163274354578 0.082139040721253
0.17758581629937156 0.0821840076440282
0.17662322819647827 0.08194227986804553
0.17606037632449492 0.08211779781192628
0.17709768048777233 0.08264673307604985
0.17703613072040347 0.08261746392210664
0.17669004397256655 0.08251424097629473
0.17644183027422514 0.08210743641376282
0.1764392793337407 0.08212929579846633
0.17604286788872933 0.08230750882503661
0.17603942615171397 0.0822701532281769
0.17628864447142722 0.08241753810754163
0.17725058843783184 0.08246376032440511
0.17710513814836124 0.08221063653789547
0.1755500339357865 0.08208194362544383
0.17628660908043967 0.08208613092048779
0.17587649948509332 0.08206519128531252
0.17626346636674245 0.08225067336818036
0.1772959539868461 0.08239879185558216
0.1774886489186668 0.08253592637170575
0.1772462595138693 0.08251887595486193
0.17573300010770562 0.08211253399151415
0.1756246495860694 0.08234941591542677
0.17650730238759063 0.08239545891185358
0.17614849356535683 0.08251647361033664
0.17519402367091044 0.08205090728780132
0.17612715225270076 0.08214460801090993
0.17641207306686946 0.08235020058653725
0.17680425050780513 0.08260456198715364
0.17853242490765206 0.08294863248174222
0.17705640086441232 0.08254255093930708
0.17718072966916812 0.08219945656882142
0.17547024585319804 0.08178413117845601
0.17593457398111034 0.08203727900160794
0.17616255213814672 0.08191318363642379
0.17635477130696345 0.0821557966114942
0.1757259751131056 0.08190876064306672
0.1755699008193557 0.08201718852643916
0.1761219642036522 0.08221284890892942
0.1753812215305431 0.0818572116810409
0.1760143016578311 0.08201648528473038
0.17635766998866464 0.08201764200869542
0.17604575903820455 0.08196503549912217
0.17610843390589334 0.08190592467352668
0.17658502968561102 0.08196354470818319
0.17591397133190842 0.08206215015788115
0.1749218826680865 0.08164403707904633
0.17590561135704982 0.08181906789509803
0.17536571032995807 0.08185839208132843
0.1762434164104267 0.08208148509738135
0.17723829304999703 0.08224744133961662
0.1747206293475859 0.08180352019098956
0.17577549772633086 0.08189185720612963
0.176581718607034 0.08184159920159916
0.17497425766809674 0.08147150572868668
0.17643116559876337 0.0818469862668814
0.17636213173125082 0.081998419230418
0.17630698467053274 0.0821121950671019
0.17618793549778308 0.08213217029473477
0.17540217997408708 0.0818645303709271
0.1750005393107546 0.08174211595976279
0.17568323983035586 0.0818171694531023
0.1748727179159317 0.08170647286355408
0.17500937862683713 0.08163757734626792
0.1756150063633841 0.08193465974608355
0.17594682450706042 0.08190978212078266
0.1761104533413261 0.08198280638460083
0.17584707127360247 0.08198598443348669
0.17629634922117862 0.08189458652533071
0.176244172152717 0.08220091237547077
0.17679060391709134 0.08230866506587632
0.1761736683956201 0.08229298967070217
0.17590811448425517 0.08209568429853341
0.17516726748874098 0.08195153273333254
0.1768947146958977 0.08202238085004772
0.1766438826295456 0.08197142172409443
0.17634524672506013 0.08200247923639671
0.17683827273340647 0.0822155631150618
0.1763095663162673 0.08188221462144973
0.17695805663745956 0.0822206951536898
0.17749409752287518 0.08250201109459705
0.17785991400289777 0.08218570897170968
0.1774983164546707 0.08209268636311431
0.17624082268902783 0.08177489950675672
0.17643999065736138 0.081649461795461
0.1768610164847091 0.08212606499861913
0.1772448862672709 0.08264545903929987
0.17672270025386996 0.0823942530590606
0.17609576312853303 0.08242121389956762
0.1755836631644014 0.082036533002411
0.1754898088091303 0.08213296969380456
0.17676213340604502 0.08239822586583039
0.17589656057747574 0.08226856087919689
0.17674898268337974 0.08233184017757314
0.17670658000747977 0.08249208460800331
0.17714560546043281 0.0824642630534004
0.17756222175448644 0.08244359144503596
0.17707830793032486 0.08269649641562943
0.1768283246960905 0.08251070927361842
0.1765642356437006 0.08242142041359798
0.1755109536642348 0.08247517677942971
0.1758722360106185 0.08229111559680308
0.1755371094006537 0.08251423972070382
0.17394239458128322 0.0821780186061559
0.17469477126680752 0.08250027165755963
0.1751638573315653 0.0827007647694558
